<?xml version="1.0"?>
<opencv_storage>
<Camera_Matrix type_id="opencv-matrix">
  <rows>3</rows>
  <cols>3</cols>
  <dt>d</dt>
  <data>
    5.5076117708345225e+02 0. 2.9877302572133016e+02 0.
    5.5187318318969881e+02 2.3601203931014578e+02 0. 0. 1.</data></Camera_Matrix>
<Distortion_Coefficients type_id="opencv-matrix">
  <rows>1</rows>
  <cols>5</cols>
  <dt>d</dt>
  <data>
    -1.0647245310672644e-01 1.8660183756958779e-01
    -2.0887953743519488e-03 6.6416254728350404e-04
    -7.9544488580464201e-02</data></Distortion_Coefficients>
</opencv_storage>
