<?xml version="1.0"?>
<opencv_storage>
<Camera_Matrix type_id="opencv-matrix">
  <rows>3</rows>
  <cols>3</cols>
  <dt>d</dt>
  <data>
    5.5337277922087969e+02 0. 3.0153684135743003e+02 0.
    5.5475394512302239e+02 2.2883542412186284e+02 0. 0. 1.</data></Camera_Matrix>
<Distortion_Coefficients type_id="opencv-matrix">
  <rows>1</rows>
  <cols>5</cols>
  <dt>d</dt>
  <data>
    -1.1833576880802771e-01 2.7985731456420881e-01
    -1.7799277722887758e-03 1.2579527590125569e-03
    -1.6894057673972265e-01</data></Distortion_Coefficients>
</opencv_storage>
