<?xml version="1.0"?>
<opencv_storage>
<R1 type_id="opencv-matrix">
  <rows>3</rows>
  <cols>3</cols>
  <dt>d</dt>
  <data>
    9.9973779757389669e-01 -9.5402441935022019e-03
    -2.0816335960554308e-02 9.6329927812441232e-03
    9.9994409701237519e-01 4.3598509357803857e-03 2.0773578222608113e-02
    -4.5592313863275277e-03 9.9977381034761814e-01</data></R1>
<P1 type_id="opencv-matrix">
  <rows>3</rows>
  <cols>4</cols>
  <dt>d</dt>
  <data>
    5.1732146809555968e+02 0. 3.1115631866455078e+02 0. 0.
    5.1732146809555968e+02 2.3443670082092285e+02 0. 0. 0. 1. 0.</data></P1>
<R2 type_id="opencv-matrix">
  <rows>3</rows>
  <cols>3</cols>
  <dt>d</dt>
  <data>
    9.9986383740635265e-01 1.2402302169512354e-02
    -1.0885290438882474e-02 -1.2450727054666632e-02
    9.9991284011950954e-01 -4.3922158355857669e-03
    1.0829868090282083e-02 4.5271475602510517e-03 9.9993110707293975e-01</data></R2>
<P2 type_id="opencv-matrix">
  <rows>3</rows>
  <cols>4</cols>
  <dt>d</dt>
  <data>
    5.1732146809555968e+02 0. 3.1115631866455078e+02
    -4.3439700656784853e+03 0. 5.1732146809555968e+02
    2.3443670082092285e+02 0. 0. 0. 1. 0.</data></P2>
<Q type_id="opencv-matrix">
  <rows>4</rows>
  <cols>4</cols>
  <dt>d</dt>
  <data>
    1. 0. 0. -3.1115631866455078e+02 
    0. 1. 0. -2.3443670082092285e+02 
    0. 0. 0. 5.1732146809555968e+02 
    0. 0. 1.1908955639056852e-01 0.</data></Q>
<Fundamental type_id="opencv-matrix">
  <rows>3</rows>
  <cols>3</cols>
  <dt>d</dt>
  <data>
    -5.0030762143534792e-08 -1.4822752207420427e-06
    -5.6816209077481972e-04 2.8524930519547744e-06
    -1.2481591396325859e-06 7.4560108160097158e-02
    -1.3620717849514921e-03 -7.3847787981396754e-02
    9.9999999999999989e-01</data></Fundamental>
</opencv_storage>
