<?xml version="1.0"?>
<opencv_storage>
<pose1 type_id="opencv-matrix">
  <rows>4</rows>
  <cols>4</cols>
  <dt>d</dt>
  <data>
    -9.9766760131504140e-01 -5.4011242694356892e-03
    -6.8045463793833125e-02 4.0163891283381785e+00
    4.7417943777120622e-02 6.6223273829228002e-01
    -7.4779632182958633e-01 -6.9446418069551111e-02
    4.9100874678986828e-02 -7.4927873864839822e-01
    -6.6043203731740918e-01 6.8712312061165903e+01 0. 0. 0. 1.</data></pose1>
<pose2 type_id="opencv-matrix">
  <rows>4</rows>
  <cols>4</cols>
  <dt>d</dt>
  <data>
    -6.1402622549889663e-01 -6.3805082866638374e-01
    4.6461051907777462e-01 9.8701169412602656e+00
    -7.7584334363733176e-01 3.7974282398705628e-01
    -5.0384768905293265e-01 -1.1808597262238010e+00
    1.4504792495317986e-01 -6.6984067334589104e-01
    -7.2819954119616148e-01 7.0635047461716525e+01 0. 0. 0. 1.</data></pose2>
<pose3 type_id="opencv-matrix">
  <rows>4</rows>
  <cols>4</cols>
  <dt>d</dt>
  <data>
    -8.5339723417170554e-02 -7.2919031649863919e-01
    6.7896878715570963e-01 -4.6373727296771738e+00
    -9.7869551929798837e-01 -6.6371560144732888e-02
    -1.9429332595329971e-01 1.0859802605103972e+00
    1.8674102953856145e-01 -6.8108464843113925e-01
    -7.0799116488718239e-01 6.9365168270369523e+01 0. 0. 0. 1.</data></pose3>
<pose4 type_id="opencv-matrix">
  <rows>4</rows>
  <cols>4</cols>
  <dt>d</dt>
  <data>
    -1.3852736850852210e-01 -9.6234608140640165e-01
    2.3388071270595934e-01 -7.1003109358890280e+00
    -8.7023413497479740e-01 5.5488809310380027e-03
    -4.9260710535382973e-01 5.5656108508225390e+00
    4.7276074128333689e-01 -2.7177054572222586e-01
    -8.3823508157262983e-01 6.1870272245680141e+01 0. 0. 0. 1.</data></pose4>
</opencv_storage>
